1379229
1065165
1324617
0377336
0619971
1879709
0192591
0664001
1819601
1125322
0349275
0025980
1192127
0752551
1286125
7148210
1697785
7273944
2114316
7071007
0139276
7032506
1355695
1833633
0040386
0826705
1670665
1264201
1729834
1662944
0242913
0799619
1364411
0938397
1306370
1823490
7248456
0469179
0292918
0591065
1897279
1030519
1829420
1773722
1854728
1790804
1432550
1645117
2117162
1231638
0402912
0104710
0597422
0871753
1859640
1435247
0080266
1638337
0452240
0090775
1757711
1412284
1640375
1324666
0971785
1927099
